Select
debt.debt_id,
client_data.asset_id_2,
debt.client_account_number,
debt.customer_client_code,
debt.debt_status_code,
debt.assigned_date,
debt.last_status_change_date,
debt.create_date

From client_data

INNER JOIN debt on client_data.debt_id=debt.debt_id

Where client_data.asset_id_2 In (203943973,204100203,204094591,204004387,203946035,203938102,204004268,204004269,204003045,203930538,204088851,203932022,204087220,204085041,204062765,204086119,204076888,203932058,203931207,204083030,203921886,203876944,204080739,204071224,203928932,203925768,204076902,204077213,203993689,204074610,204074833,204074554,203992302,204074558,203993487,204076290,204176611,203992313,203992162,204176757,204176770,204074841,204176737,204042696,204176194,203992316,204175889,203992283,204176559,204074641,204176140,204074891,204074691,204176857,204176153,204176774,204176627,204076294,204074470,204176784,203992890,204175869,204176597,204074474,204074893,204176182,203992193,204176777,203992147,204176801,204176162,204074535,203993489,203993214,203992126,204176732,203912443,204176188,204076289,204176744,204074811,204176664,204175874,203992274,204175885,204176666,204176540,204066020,204175878,203992161,203992308,204177861,204077204,204000724,204176146,204177895,204074637,203992317,204074792,204044068,204176865,204176832,204176210,204176502,203992284,204176786,204074690,204044261,204176550,204176761,204176848,204176229,203992301,204074697,204176591,203993114,204176622,204176183,203992296,204176171,204074740,204176687,203992311,204176609,204176820,204176849,204076876,204176578,204176505,203993683,203840080,203992127,204074917,204074834,204074770,204076923,204074636,203966601,203992262,203992290,203992280,204074748,203992294,204074754,203992266,204076641,203925742,204174816,203992086,203960218,204174801,204175644,204175786,204004432,204074652,204072747,204004778,204175650,204174790,203990930,204175603,204175093,204175780,203907263,203990933,204044171,204174573,204072974,204073054,204175612,204175773,204174791,204174815,204072721,204174788,204176614,204174828,204174825,204175073,204058861,204072809,203981399,204175659,204175667,204072864,204175740,204175666,204072926,204072885,204174632,204175738,204072887,204175658,204074924,203981696,204004759,203990959,203990940,204174822,203990904,203983329,204073050,203992076,203990932,204175688,204175686,204177026,204076408,204072822,204175789,203990961,204174824,204072693,204072649,203883951,204174820,204175796,203895546,204004428,204073060,203990953,204072737,204175625,204175731,204176727,203992077,204072876,203990958,204174851,204175735,204074650,203906964,204175769,204073051,204074919,204004803,204175676,204033373,203971141,203992085,203992515,204074662,204035343,204072718,203990947,204044237,204074898,204175649,204046632,204175727,204175614,204174796,204175790,204175715,204072739,204074825,204074632,204000704,204072757,204176803,204044212,204174789,204175617,204175618,203919151,204074575,204175745,204073024,204072914,204174794,204175601,204175816,204074434,204076379,204175777,203992088,204072829,204072826,204072851,203992419,203898040,204073000,203990945,204072874,204072792,204072743,204072646,204076375,204044391,204074624,204004768,204072583,204072937,204073005,204072981,204072975,203993187,204072626,204072971,204072872,204072811,204074430,204072934,204072784,204072789,204072889,204072841,204174449,203924745,204072470,204072402,204173509,204173784,204174357,204174332,203924829,204173541,203924881,204173535,204175893,203924900,204174036,203924802,204174316,204174253,204173713,204173690,204173548,204173650,204173874,204173866,204072411,204072398,204072432,203924728,204173490,203924862,204072394,204173512,204173497,204072533,204174213,204174261,204072977,204174234,204072389,204173521,204072396,204173556,204174423,203924877,204174468,204072466,204173844,204173528,204072400,204173761,204174461,204174488,204174237,204072499,203924763,204173779,204072409,204072447,204072532,204174448,204072422,204174405,203924732,204176754,204072523,204173821,204173477,204174364,204173499,204174867,204175494,204174206,203924825,204013365,203924894,204072381,204174404,204173707,204174326,204174382,204174280,203924845,204173506,203924898,204073033,204044193,204072513,204072461,204072970,203924851,203924859,204072393,203924751,203924720,203924719,203924779,203927778,204072384,203924806,203920251,204172633,204172627,203990662,204172799,204040775,204173237,204172639,204172785,203990644,203990653,204173244,203990639,204173031,203923793,203990678,203912357,203990675,203923741,203923686,204173181,203923747,203990698,204173148,203923625,203990654,203990677,204173187,203923690,204172638,203873845,204172797,203990688,204173217,204029853,203923695,204172652,204173205,203981356,204173067,203923749,204173023,203990689,204172670,203923667,204173697,203901617,203923723,203923630,203912904,203990690,204174219,203923618,204173180,204172770,204173194,204172802,203990701,204172774,204173232,204173911,203990635,203990704,204173182,203990699,203990705,203990670,203990700,204027111,204172466,204172782,204000424,203990668,204013110,203923643,204173811,203923698,203923797,203923746,203990646,203923707,203923720,203990659,203923799,204072516,203924872,203924853,203990647,203923661,203923616,203923760,203923694,203923772,203990634,203975356,204072484,203990669,204072427,203987038,203923738,203923721,203923660,203923711,204044353,204072280,203879665,203923105,203923009,204072298,203923097,204072200,204072046,204072184,204072228,203989818,204072232,203989824,203989962,204072221,204072266,203989842,203922902,203989899,204072327,203923046,203989839,204072093,203923113,203923040,203989879,204072143,204172656,203910399,203912755,203923032,203923112,204072052,203923026,203922994,204072254,203923042,204072065,204072892,204072097,204072186,203989942,203989843,204072240,203923077,204072176,204072251,204072255,204072138,204072259,203922978,203990564,203990789,204072045,204072278,204072271,204072226,204072269,204072061,203923021,203923118,204072202,204072286,204072253,203922910,204072263,203923123,203990548,203990556,203923037,203922914,203923078,204072329,203922975,203903295,204072209,203990567,204072072,203922974,203990566,203923003,203923068,203922976,203989852,204072290,204172058,204071121,204071066,204071056,203921943,204172332,204172053,204172381,203922014,203922006,204070978,204172342,204172124,203878423,204071133,204172081,204172235,204035050,204071107,204172352,204172265,204071067,203921954,204172059,203988670,204172411,203988662,203965160,204071373,204172240,204172351,204070997,204172322,203988675,204172371,203988650,204071043,204172248,204172292,203921923,203922025,203921969,204060289,204072123,204071155,203922040,203988651,203921862,204071132,204071068,204071076,203921857,204071162,204172345,204072204,203988653,204071117,204071218,203988667,204070965,204172065,204172278,204070998,204071031,204070937,204172400,204172080,204044324,204044340,204000490,204071071,204071160,204072137,204072165,204071388,204029760,203988654,203922120,203922028,203922059,203921868,204071118,203922020,203922105,204071069,203921990,204029876,204071087,204071159,204071074,203921977,204070939,204071183,204065876,203988660,204070977,204053090,203921976,204070919,204070914,203921853,203921912,204072194,203922011,203921920,203922125,204071096,203922140,204171775,204069882,203921202,204171396,204070506,204172078,204171383,204071176,203963143,204070472,203976722,204070510,204171357,204070897,204171345,204171576,204171994,204171351,204000583,204171510,204070799,204171717,204171987,204171414,203987906,203987903,204171407,204171999,204070805,204070499,204171705,203921217,204070851,204171368,204070480,204070896,204070529,204171373,203987901,204170993,204171466,204171381,204070474,204071163,204029610,204070135,204171463,204171688,203921191,203987899,204171605,204171612,204070511,204170951,203921173,203988068,204171346,204045241,204171465,204171560,204171492,204170966,204172011,204044397,204070835,204171956,204171507,204070876,204171548,203976791,204000584,204171604,203973301,204052921,203988354,204070899,204171982,204170959,204070124,204171634,204069876,204171532,203921159,203987905,204069856,204171358,204071177,204070952,204070913,204171509,204171343,204069867,204070800,204171518,204070467,204070894,204070976,204171434,204070508,204015077,204071008,204006262,204171966,203987857,204172383,204053286,203921200,204171582,204173082,204071298,204171626,204070486,204044242,203392650,204070898,203902440,204070429,203921174,204070430,203921282,203921189,204070423,203988093,203988089,203988098,204071083,203921245,204071053,203921291,204050365,203921247,204071175,204050552,204170229,203920400,204170288,204170642,204170246,204069708,204170100,204068910,204069806,204069376,204170609,204169868,204170326,204170277,204170640,204170116,204170571,204044386,204068974,204170155,203920413,204068915,204069632,203920403,204170265,204068970,204170198,204170584,204069057,204068394,204069762,204068664,204069484,204068931,204170175,203901550,203920439,204069669,204172729,204170653,204068964,204068632,204170912,204170548,204170622,204010687,204069124,204069813,204068473,204046807,204170604,204069467,204170244,204170646,204069734,204170286,204170274,204008553,204170911,203987322,204070874,204068355,204068468,204068773,204169847,203987837,204170639,204170013,203987844,204070877,204047450,204045232,204170216,204070485,204170392,204068700,204070807,204171419,204171444,204170652,204170004,204171479,204045245,204068853,204170706,204170196,204068422,204170227,204170596,204170035,204070864,204170165,204068870,203920472,204069627,204044229,204068862,203818890,204070836,204068854,204070826,204070049,204068900,204068901,204070513,203987542,204069558,204068949,204068869,203920405,203910144,204068997,204168545,204067774,204168643,204168430,204168478,204058723,204067798,204067629,204067740,204067644,204168291,203919625,204168558,204168547,204067833,204169064,204067622,204168164,204168615,204168593,204168607,204168298,204168409,203773454,204169525,204168543,204067821,204168343,204068183,204168555,204068019,204067814,204067832,204169269,204168486,204168320,204168565,204067663,204067057,204067872,204168321,204067679,204067751,204067633,204067715,204068195,204168442,204168414,204168429,204168564,204065872,204168341,204044130,204168616,204168351,204168711,204067659,204168493,204067601,204067736,204168402,204168975,204169054,204168264,204068982,204044615,204168507,204168552,204067656,204067997,204168369,204169164,204068863,204067778,204168381,204170171,204170667,204168325,204170072,204168594,204067782,204168356,204169998,204168563,204168337,204168556,204168576,204168163,204068689,204168296,204044166,204168572,204068814,204168160,204044298,204069011,204068222,204068234,204067708,204067769,204067560,204068161,204067844,204067733,203773490,204067781,203987059,204067854,203987030,204068186,203984498,204067677,204067842,204067665,204059825,203965007,204067792,204067860,204068203,204167147,204167160,204167406,204167314,204167439,204167739,204167568,203858256,203976824,204167194,203920229,204066982,204167586,204167507,204167563,204167495,204167176,204029898,204167460,203920184,204167266,204167756,204167403,203920114,204167682,204066741,204066649,203920147,204167183,204167186,204168380,204167795,204066734,204066729,204167425,203920209,204167809,204066688,204066701,204066725,204167656,204066735,204066727,204169845,204066695,203875334,204167347,203920198,204066663,204066658,204066032,204168428,204167560,204167655,203920162,203920279,204167198,204167667,204167401,204066642,204048798,204034502,204067651,204066678,204066973,204167140,204167720,204167180,203920204,204167631,204167812,203920273,204066684,204167155,204167328,204167184,204066717,204168148,204167134,204167811,204167139,204167650,204167567,204167775,203920151,204168408,204066686,204167143,204066704,204167528,204167450,204066627,204167542,203920263,204167712,204167511,204056697,204066676,204066635,204066675,203920178,204066623,203920159,204066637,204068405,203993678,203997790,204066333,204066665,203920190,204166969,204166873,203987016,203919719,204166978,204167059,204166830,204167069,204167023,204166889,203919612,203919628,203919749,204058926,204021494,203919722,204166763,203987017,203987023,204055026,203856965,204166776,203919181,204167042,203987063,204166999,204166831,204166991,203919747,204167081,204167064,204166996,204166950,203987045,204167098,203987056,204167038,204167037,203919761,204167105,203904226,204167273,203987057,204166972,204167104,204166888,204166981,204166871,204166837,203987062,203987015,203987040,204166955,204166974,204167206,203987060,203919641,204167300,203919670,203906431,203987049,203919624,203919734,203919697,203919608,203911432,203919635,203920254,203920556,203919607,203863421,203985753,203900544,204018591,203984554,203878434,203985549,204063440,203917561,204065789,204166673,203967801,204165839,204064385,203986156,203980391,204064485,203985718,203984548,203980249,203916238,204044259,204064417,204065904,203986993,203985544,203981694,203985746,204064539,204065926,203917530,203852415,203985715,204064375,203985531,203984539,204165813,204063531,204064257,204063468,203916331,204064298,203898003,204063539,203984550,204064372,204165842,204065893,203918592,203917554,203918643,203984763,203918542,203912458,203917651,204165843,204063521,204166452,203917586,203918622,203916972,204063565,204165835,203986297,203918569,204064418,204065996,203916323,204063408,203986165,203986129,203985751,204063435,204063526,203984733,204166577,203916265,203918502,204063424,203971117,204065906,204064302,204063419,204166241,203919596,203925615,203916337,204044994,203986106,204000531,203984717,204000596,203913158,203912753,204166314,204063417,204065960,203985546,203917522,204065919,204063413,204044274,203917634,204165915,204066008,203984536,203981891,203986152,204166396,204063452,203917521,203878323,203986166,204166425,203918661,204063551,203918544,203916259,203917555,204065971,203918607,204166262,204064551,203898716,204051622,204065850,203984543,203918536,204064419,204166422,204166273,203917506,203971148,204064495,203984547,204066039,204066040,203981805,204065855,204000686,203919767,203913253,204065974,204166284,204166603,203912709,204063584,203986095,203978854,204165841,204064469,204017813,203984552,204064384,204063480,203986162,204038699,203917473,204166864,203913845,203984553,204165900,204064393,204063498,204166458,204065181,204065901,204064414,204064388,204064465,203987085,204064319,203975930,204048820,204063644,203986282,203984558,204166633,204032257,203874589,204064570,204165848,203918600,204065838,204064323,204166658,204064311,204064573,204065783,204064409,203971154,204065981,203975213,204032144,204044355,204065995,204065835,204000562,204065988,204065905,204063439,204063720,204063541,203916187,203916195,204063412,204063569,204064453,203918629,203917585,204065925,203966052,203974791,203916270,203980979,204063574,203886047,204065953,203918597,203916246,204064423,203917668,203970827,203917598,203941469,203986115,203985757,204064324,203846537,203910139,203918567,203919723,203984716,203984535,203987006,203984530,204063550,204052823,203918588,203916340,203986145,203866801,203986125,203883964,203917558,203986127,203916202,203986137,203984524,203985731,204063497,203918556,204065964,203917486,204063434,204063629,204062907,204064340,203920026,203889341,204065944,203918615,204063640,203916267,204065939,203918561,204063555,203916239,203916334,204065984,203918658,203916955,204065892,204064530,204065977,204063537,203840044,204063447,203985748,204166626,204166600,204164970,204164532,203983280,204165050,204165875,204164588,204029768,204164903,204164587,204063042,204062861,203915227,204062905,204037954,204063714,203983279,203916306,203983354,204164656,204164725,204062794,204062995,203983278,203983341,203983352,203983360,204062943,204164649,203983586,203983361,204062885,204062999,204164580,204062855,204062814,204063088,204062755,203983356,204164563,203983346,204062939,204164952,204164915,204062872,204062887,203915215,203983342,204164955,204164472,204164579,204164451,204063105,204164559,203915250,204062795,204164897,204062950,204164561,203983281,204164450,204164596,204164958,204165053,203983301,204164470,204063030,204062892,204164913,204062882,204063036,204062801,204063019,203983351,203915168,204164864,204062816,204164995,204063024,204030920,203915174,204164626,203983277,204164485,204063011,204164965,204164608,203987841,204062974,204063029,204164671,204063571,204164909,204164466,204063059,203983365,204164478,204062818,204063532,204062848,204064462,203988352,204062949,204063048,204062997,204063101,204063086,204164461,204063470,204164469,204062878,204062830,204062842,204062893,204063650,204062793,204062835,204063005,204164793,204164988,204062880,204164630,204062895,204164892,203983319,203889546,204062805,204044972,203964904,204062906,204063104,203984475,203983571,203915198,203983327,203984486,204044964,204057106,203983336,203983324,204062754,203983587,203983312,204062808,203983337,204063707,204063620,203912400,204163905,204062233,204164131,204061850,204061949,204163894,204062264,204061643,204163927,203982366,203875256,204163891,204062109,204062164,204061812,204164597,203982458,204164096,204163925,204029441,204061769,204061716,204062429,204163884,204163991,204164157,204061782,204164060,204062585,203982154,204164002,204062437,204163883,204062512,204062171,204061861,203883607,204165059,204061921,204062825,204163944,204061672,204061959,204062973,204062827,204061671,204000425,204164000,204062877,204000694,204062046,204163923,204062229,204062838,204061906,204164005,204164030,204163938,204163929,204164032,204061588,204062018,204061491,204163744,204163932,204164098,204164101,203983444,204163997,204061489,204163962,204164007,204062293,204030689,204062661,203981808,204007446,204054075,204164136,204164116,204163985,204029738,204063094,204062245,204163919,204164039,204062150,204062529,204062918,204063013,204062032,204026907,204061962,204061705,204061598,204037927,204062811,204061761,204163903,204164111,204164985,204061879,204062807,204164663,204061863,204062100,204062115,203982455,204163892,204061754,204000555,204061700,204062290,203982377,203881719,204164546,204063068,203982251,204044253,204062823,204063069,204044141,204062898,204061521,204062266,204062536,204061653,204061487,204165035,204061726,203982398,203982462,204062745,204061973,204061981,204062043,204061765,204061494,204061966,203982301,204062173,204061950,204062743,204061969,204062127,203850173,204062088,204062133,204061781,204061562,204061540,204062011,204062027,204062253,204062659,204061958,204061976,203982513,204062174,203982376,204061750,204061935,204062736,204062117,204061849,204062080,204062035,204061561,204061738,204062156,204061857,204062139,204061542,204062093,204062481,204037862,204062257,204061280,204163440,203915062,204163103,204163096,204061686,204060951,204060952,204029492,204062364,203980958,204015050,204062657,204163121,204002317,204163408,204163222,204163106,204013411,203915053,204015044,204061795,203915046,203914996,204061663,204037923,204037860,204062542,204061610,203981008,204163491,204061689,204061696,204016747,203915017,204015040,204163543,204044325,204061888,204004426,204163590,204029644,204029474,204061919,204163153,204163398,204163397,204061456,204061868,204062479,204029622,203915086,204062468,203897299,203915059,203912670,204062138,204060944,204163606,204062255,204163449,204061039,203915050,204062252,204037939,204163208,203942117,204163272,204061691,204000693,204163291,204007454,203981750,204060950,204061522,204061457,204029594,204062301,204044216,204062075,204044290,204062572,204015051,204044098,203997268,204062248,204015037,204163317,204163269,204061810,204037935,203981134,204061499,204163083,204061830,204163597,203774441,204163094,204062007,204061637,204015057,204061660,204041567,204061748,203881078,204062005,204163615,204032284,204061911,204061626,204061635,204060955,204164282,204062648,204013385,204061897,204013364,204062112,204015039,203981133,204062523,204037925,204013419,203915125,204029513,204163111,204061912,204037950,204029669,204044187,204061915,203909510,203982237,204062859,204062235,204013421,204062262,204163971,203921882,204037920,204062064,203915024,204037921,204061739,204164023,204061668,204062216,204163116,203915076,204061059,204061077,203915093,203915104,204061013,204013418,203915035,203915084,203980400,203915114,203774438,204062837,203973306,203980976,203980846,203980819,203981029,203981298,203980938,204002214,204029601,203980842,203980880,203980787,204162712,203914031,203980941,203981942,203981607,203981295,203981214,203981114,203980944,203981442,203913935,203981403,203981151,203981978,203914095,204058955,203981670,203981064,203981833,203980885,203981136,203981389,203981700,203981373,203981625,203981565,203981122,203913844,203981979,203981958,204162664,203980986,203981523,203981318,203981077,203981415,203980826,203913979,203981943,204162734,203981304,203981306,203981789,203981285,203980788,203981419,203981902,203981507,203913970,203981162,203981372,203981811,203981459,203980855,203981777,203981452,203913861,203981115,203980863,203981742,203980795,203981195,203981281,203981103,204040350,203980833,203981083,203980942,203912524,204059908,203981697,203913924,204162508,203981887,204162768,203981085,203981829,203981562,203981946,203913947,204045220,203981915,203981907,203981790,203913991,203981215,203913997,203914016,203980823,203913858,203981726,203981741,203981961,203980793,203981710,203980792,203981543,203981940,203981416,203980999,203981477,203981037,203981786,203981382,203980946,203913945,203981648,203980857,203931382,203913194,203913246,203913220,203913216,203913218,204060958,204060947,204060914,203913208,203982004,203913182,203920136,204060910,204060962,204060948,204060976,203980418,203981078,203912722,204060971,203980425,204060909,203913205,203913198,203980565,203980570,203980571,203982162,203912616,203913193,203980384,203913250,204162412,204162439,204030303,204162435,204162446,203980086,203980505,203980025,204060293,204060372,203911770,204162441,204162413,204162443,204060371,203912396,203980065,203859863,204162458,203912623,203912481,204162434,204162497,203912728,204060389,203912647,203436041,203467762,203980085,203883943,204060354,204060342,204060343,203847213,203882889,204162436,204060298,204060339,204060410,204060401,204162414,204162460,204060367,204060377,204162499,203980355,204060414,204060361,203911968,204060403,204060346,203898951,203931946,203911807,203980083,203980247,204060334,203964293,203980031,204162417,204060308,203902430,203913772,204000519,203980087,203911923,204162358,204162136,204162183,204161734,204161530,204161694,204162103,204161776,204161866,204161509,204162126,204161667,204162027,204161738,204161539,204162343,204161817,204059829,204162135,204162250,204161695,204162293,204162291,204162050,204162356,204161736,204161688,204161507,204161940,204162097,203911466,204161767,203911491,204162161,204162364,204162335,204162124,204161793,204162310,204161953,204161585,204161912,203911486,204162141,204161828,204161784,204161887,204162295,204161552,204161672,204161504,204161798,203911464,204162038,204161731,204161720,204161693,204161543,204162235,204162241,204162369,203980015,204162322,204161878,204162338,204162359,204162231,203979791,203979797,204161936,204162193,204161792,203939673,204162347,204162129,204161544,203979613,204161800,204059924,204161787,203981600,204162352,204162130,204059961,204161354,204161537,204162296,204162197,204162266,204162330,204161841,204161724,204162254,204161702,204060357,204162206,203979759,204161942,204162094,204161774,203980016,204162303,204161885,204162180,204161368,204162232,204161785,204161548,204162028,204161839,204162062,204162083,204059966,204162205,204162353,204000392,204161790,204162030,204161524,204161502,204060368,204162022,204161806,204162156,204162035,204161717,204161637,204162145,204029726,204161855,204059887,204161965,204162248,204162280,204162208,204162175,204060348,204059933,204060392,204161870,204162116,204059895,204060409,204060415,204162013,204032157,204161946,204161528,204059904,204161654,204162312,203911422,204060365,204162036,204161867,204161730,204161819,204161741,204162066,204162088,204161350,204161897,204161534,204162255,204161508,204060374,204161899,204162341,204162140,204161749,203949694,204161902,204162098,204044411,204161939,204161550,204161756,204060349,203979778,203981076,204162212,204161707,204162067,204161533,203979792,203979783,203820656,203911448,203979758,203911437,204161562,203911431,203911463,204059839,203911476,203911440,203980017,203911442,204161964,204161974,204162080,204161711,204162167,204162132,204162092,204161755,204161698,204162752,204161820,204161690,204161568,204162054,204162263,204162361,204162110,204161710,204162017,204161555,204162769,204161659,204161943,204161873,204162111,204161788,204161941,204161956,204161950,204161809,204161763,204161563,204162010,204161868,204162009,204161833,204162045,204161856,204161837,204162326,204162329,204161980,204161740,204162360,204161691,204162305,204162153,204161725,204162086,204162149,204162192,204162336,204161657,204160579,203906438,203883577,203402886,204118410,203953556,203703904,203728554,203575631
)